(kicad_pcb (version 20171130) (host pcbnew 5.1.2)

  (general
    (thickness 1.6)
    (drawings 4)
    (tracks 0)
    (zones 0)
    (modules 40)
    (nets 44)
  )

  (page A4)
  (title_block
    (title "Vera ECU Board")
    (date 2019-08-12)
    (company "Chalmers Vera Team")
    (comment 1 "Designed by Erik Almbratt (erik.almbratt@gmail.com)")
  )

  (layers
    (0 F.Cu signal)
    (31 B.Cu signal)
    (32 B.Adhes user)
    (33 F.Adhes user)
    (34 B.Paste user)
    (35 F.Paste user)
    (36 B.SilkS user)
    (37 F.SilkS user)
    (38 B.Mask user)
    (39 F.Mask user)
    (40 Dwgs.User user)
    (41 Cmts.User user)
    (42 Eco1.User user)
    (43 Eco2.User user)
    (44 Edge.Cuts user)
    (45 Margin user)
    (46 B.CrtYd user)
    (47 F.CrtYd user hide)
    (48 B.Fab user)
    (49 F.Fab user)
  )

  (setup
    (last_trace_width 0.25)
    (trace_clearance 0.2)
    (zone_clearance 0.508)
    (zone_45_only no)
    (trace_min 0.2)
    (via_size 0.8)
    (via_drill 0.4)
    (via_min_size 0.4)
    (via_min_drill 0.3)
    (uvia_size 0.3)
    (uvia_drill 0.1)
    (uvias_allowed no)
    (uvia_min_size 0.2)
    (uvia_min_drill 0.1)
    (edge_width 0.05)
    (segment_width 0.2)
    (pcb_text_width 0.3)
    (pcb_text_size 1.5 1.5)
    (mod_edge_width 0.12)
    (mod_text_size 1 1)
    (mod_text_width 0.15)
    (pad_size 1.524 1.524)
    (pad_drill 0.762)
    (pad_to_mask_clearance 0.051)
    (solder_mask_min_width 0.25)
    (aux_axis_origin 0 0)
    (visible_elements FFFFFF7F)
    (pcbplotparams
      (layerselection 0x010fc_ffffffff)
      (usegerberextensions false)
      (usegerberattributes false)
      (usegerberadvancedattributes false)
      (creategerberjobfile false)
      (excludeedgelayer true)
      (linewidth 0.100000)
      (plotframeref false)
      (viasonmask false)
      (mode 1)
      (useauxorigin false)
      (hpglpennumber 1)
      (hpglpenspeed 20)
      (hpglpendiameter 15.000000)
      (psnegative false)
      (psa4output false)
      (plotreference true)
      (plotvalue true)
      (plotinvisibletext false)
      (padsonsilk false)
      (subtractmaskfromsilk false)
      (outputformat 1)
      (mirror false)
      (drillshape 1)
      (scaleselection 1)
      (outputdirectory ""))
  )

  (net 0 "")
  (net 1 GNDPWR)
  (net 2 /relay_to_start_motor)
  (net 3 /button_to_main_relay)
  (net 4 GNDS)
  (net 5 /button_to_start_motor_relay)
  (net 6 +12V)
  (net 7 "Net-(D4-Pad2)")
  (net 8 "Net-(D5-Pad2)")
  (net 9 "Net-(D6-Pad2)")
  (net 10 "Net-(D7-Pad2)")
  (net 11 "Net-(D8-Pad2)")
  (net 12 "Net-(D9-Pad2)")
  (net 13 "Net-(D10-Pad2)")
  (net 14 "Net-(J2-Pad1)")
  (net 15 "Net-(J5-Pad1)")
  (net 16 /serial_RX)
  (net 17 /serial_TX)
  (net 18 "Net-(J5-Pad4)")
  (net 19 "Net-(J5-Pad6)")
  (net 20 "Net-(J5-Pad7)")
  (net 21 "Net-(J5-Pad8)")
  (net 22 "Net-(J5-Pad9)")
  (net 23 /tachometer)
  (net 24 /Connectors/deadmans)
  (net 25 "Net-(F6-Pad2)")
  (net 26 /iat_signal)
  (net 27 /clt_signal)
  (net 28 /injector_1)
  (net 29 "Net-(F4-Pad2)")
  (net 30 +BATT)
  (net 31 /Connectors/wheel_signal)
  (net 32 /Connectors/camera)
  (net 33 "Net-(F5-Pad2)")
  (net 34 /ego_signal)
  (net 35 /crank_hall_signal)
  (net 36 /cam_hall_signal)
  (net 37 /ignition_1)
  (net 38 /ignition_2)
  (net 39 /bootload)
  (net 40 "Net-(F1-Pad1)")
  (net 41 "Net-(F2-Pad1)")
  (net 42 +5V)
  (net 43 /TPS_input)

  (net_class Default "This is the default net class."
    (clearance 0.2)
    (trace_width 0.25)
    (via_dia 0.8)
    (via_drill 0.4)
    (uvia_dia 0.3)
    (uvia_drill 0.1)
    (add_net +12V)
    (add_net +5V)
    (add_net +BATT)
    (add_net /Connectors/camera)
    (add_net /Connectors/deadmans)
    (add_net /Connectors/wheel_signal)
    (add_net /TPS_input)
    (add_net /bootload)
    (add_net /button_to_main_relay)
    (add_net /button_to_start_motor_relay)
    (add_net /cam_hall_signal)
    (add_net /clt_signal)
    (add_net /crank_hall_signal)
    (add_net /ego_signal)
    (add_net /iat_signal)
    (add_net /ignition_1)
    (add_net /ignition_2)
    (add_net /injector_1)
    (add_net /relay_to_start_motor)
    (add_net /serial_RX)
    (add_net /serial_TX)
    (add_net /tachometer)
    (add_net GNDPWR)
    (add_net GNDS)
    (add_net "Net-(D10-Pad2)")
    (add_net "Net-(D4-Pad2)")
    (add_net "Net-(D5-Pad2)")
    (add_net "Net-(D6-Pad2)")
    (add_net "Net-(D7-Pad2)")
    (add_net "Net-(D8-Pad2)")
    (add_net "Net-(D9-Pad2)")
    (add_net "Net-(F1-Pad1)")
    (add_net "Net-(F2-Pad1)")
    (add_net "Net-(F4-Pad2)")
    (add_net "Net-(F5-Pad2)")
    (add_net "Net-(F6-Pad2)")
    (add_net "Net-(J2-Pad1)")
    (add_net "Net-(J5-Pad1)")
    (add_net "Net-(J5-Pad4)")
    (add_net "Net-(J5-Pad6)")
    (add_net "Net-(J5-Pad7)")
    (add_net "Net-(J5-Pad8)")
    (add_net "Net-(J5-Pad9)")
  )

  (module Diodes_THT:D_A-405_P10.16mm_Horizontal (layer F.Cu) (tedit 5921392E) (tstamp 5D50B6FD)
    (at 80 145 90)
    (descr "D, A-405 series, Axial, Horizontal, pin pitch=10.16mm, , length*diameter=5.2*2.7mm^2, , http://www.diodes.com/_files/packages/A-405.pdf")
    (tags "D A-405 series Axial Horizontal pin pitch 10.16mm  length 5.2mm diameter 2.7mm")
    (path /5C5705F6/5C5ECED0)
    (fp_text reference D1 (at 5.08 -2.41 90) (layer F.SilkS)
      (effects (font (size 1 1) (thickness 0.15)))
    )
    (fp_text value 1N5820G (at 5.08 2.41 90) (layer F.Fab)
      (effects (font (size 1 1) (thickness 0.15)))
    )
    (fp_line (start 11.35 -1.7) (end -1.15 -1.7) (layer F.CrtYd) (width 0.05))
    (fp_line (start 11.35 1.7) (end 11.35 -1.7) (layer F.CrtYd) (width 0.05))
    (fp_line (start -1.15 1.7) (end 11.35 1.7) (layer F.CrtYd) (width 0.05))
    (fp_line (start -1.15 -1.7) (end -1.15 1.7) (layer F.CrtYd) (width 0.05))
    (fp_line (start 3.26 -1.41) (end 3.26 1.41) (layer F.SilkS) (width 0.12))
    (fp_line (start 9.08 0) (end 7.74 0) (layer F.SilkS) (width 0.12))
    (fp_line (start 1.08 0) (end 2.42 0) (layer F.SilkS) (width 0.12))
    (fp_line (start 7.74 -1.41) (end 2.42 -1.41) (layer F.SilkS) (width 0.12))
    (fp_line (start 7.74 1.41) (end 7.74 -1.41) (layer F.SilkS) (width 0.12))
    (fp_line (start 2.42 1.41) (end 7.74 1.41) (layer F.SilkS) (width 0.12))
    (fp_line (start 2.42 -1.41) (end 2.42 1.41) (layer F.SilkS) (width 0.12))
    (fp_line (start 3.26 -1.35) (end 3.26 1.35) (layer F.Fab) (width 0.1))
    (fp_line (start 10.16 0) (end 7.68 0) (layer F.Fab) (width 0.1))
    (fp_line (start 0 0) (end 2.48 0) (layer F.Fab) (width 0.1))
    (fp_line (start 7.68 -1.35) (end 2.48 -1.35) (layer F.Fab) (width 0.1))
    (fp_line (start 7.68 1.35) (end 7.68 -1.35) (layer F.Fab) (width 0.1))
    (fp_line (start 2.48 1.35) (end 7.68 1.35) (layer F.Fab) (width 0.1))
    (fp_line (start 2.48 -1.35) (end 2.48 1.35) (layer F.Fab) (width 0.1))
    (fp_text user %R (at 5.08 0 90) (layer F.Fab)
      (effects (font (size 1 1) (thickness 0.15)))
    )
    (pad 2 thru_hole oval (at 10.16 0 90) (size 1.8 1.8) (drill 0.9) (layers *.Cu *.Mask)
      (net 1 GNDPWR))
    (pad 1 thru_hole rect (at 0 0 90) (size 1.8 1.8) (drill 0.9) (layers *.Cu *.Mask)
      (net 2 /relay_to_start_motor))
    (model ${KISYS3DMOD}/Diodes_THT.3dshapes/D_A-405_P10.16mm_Horizontal.wrl
      (at (xyz 0 0 0))
      (scale (xyz 0.393701 0.393701 0.393701))
      (rotate (xyz 0 0 0))
    )
  )

  (module Diodes_THT:D_A-405_P10.16mm_Horizontal (layer F.Cu) (tedit 5921392E) (tstamp 5D50B716)
    (at 125.425001 111.175001)
    (descr "D, A-405 series, Axial, Horizontal, pin pitch=10.16mm, , length*diameter=5.2*2.7mm^2, , http://www.diodes.com/_files/packages/A-405.pdf")
    (tags "D A-405 series Axial Horizontal pin pitch 10.16mm  length 5.2mm diameter 2.7mm")
    (path /5C640ABF/5C6BEE87)
    (fp_text reference D2 (at 5.08 -2.41) (layer F.SilkS)
      (effects (font (size 1 1) (thickness 0.15)))
    )
    (fp_text value 1N5820G (at 5.08 2.41) (layer F.Fab)
      (effects (font (size 1 1) (thickness 0.15)))
    )
    (fp_text user %R (at 5.08 0) (layer F.Fab)
      (effects (font (size 1 1) (thickness 0.15)))
    )
    (fp_line (start 2.48 -1.35) (end 2.48 1.35) (layer F.Fab) (width 0.1))
    (fp_line (start 2.48 1.35) (end 7.68 1.35) (layer F.Fab) (width 0.1))
    (fp_line (start 7.68 1.35) (end 7.68 -1.35) (layer F.Fab) (width 0.1))
    (fp_line (start 7.68 -1.35) (end 2.48 -1.35) (layer F.Fab) (width 0.1))
    (fp_line (start 0 0) (end 2.48 0) (layer F.Fab) (width 0.1))
    (fp_line (start 10.16 0) (end 7.68 0) (layer F.Fab) (width 0.1))
    (fp_line (start 3.26 -1.35) (end 3.26 1.35) (layer F.Fab) (width 0.1))
    (fp_line (start 2.42 -1.41) (end 2.42 1.41) (layer F.SilkS) (width 0.12))
    (fp_line (start 2.42 1.41) (end 7.74 1.41) (layer F.SilkS) (width 0.12))
    (fp_line (start 7.74 1.41) (end 7.74 -1.41) (layer F.SilkS) (width 0.12))
    (fp_line (start 7.74 -1.41) (end 2.42 -1.41) (layer F.SilkS) (width 0.12))
    (fp_line (start 1.08 0) (end 2.42 0) (layer F.SilkS) (width 0.12))
    (fp_line (start 9.08 0) (end 7.74 0) (layer F.SilkS) (width 0.12))
    (fp_line (start 3.26 -1.41) (end 3.26 1.41) (layer F.SilkS) (width 0.12))
    (fp_line (start -1.15 -1.7) (end -1.15 1.7) (layer F.CrtYd) (width 0.05))
    (fp_line (start -1.15 1.7) (end 11.35 1.7) (layer F.CrtYd) (width 0.05))
    (fp_line (start 11.35 1.7) (end 11.35 -1.7) (layer F.CrtYd) (width 0.05))
    (fp_line (start 11.35 -1.7) (end -1.15 -1.7) (layer F.CrtYd) (width 0.05))
    (pad 1 thru_hole rect (at 0 0) (size 1.8 1.8) (drill 0.9) (layers *.Cu *.Mask)
      (net 3 /button_to_main_relay))
    (pad 2 thru_hole oval (at 10.16 0) (size 1.8 1.8) (drill 0.9) (layers *.Cu *.Mask)
      (net 4 GNDS))
    (model ${KISYS3DMOD}/Diodes_THT.3dshapes/D_A-405_P10.16mm_Horizontal.wrl
      (at (xyz 0 0 0))
      (scale (xyz 0.393701 0.393701 0.393701))
      (rotate (xyz 0 0 0))
    )
  )

  (module Diodes_THT:D_A-405_P10.16mm_Horizontal (layer F.Cu) (tedit 5921392E) (tstamp 5D50D2F6)
    (at 125.425001 106.725001)
    (descr "D, A-405 series, Axial, Horizontal, pin pitch=10.16mm, , length*diameter=5.2*2.7mm^2, , http://www.diodes.com/_files/packages/A-405.pdf")
    (tags "D A-405 series Axial Horizontal pin pitch 10.16mm  length 5.2mm diameter 2.7mm")
    (path /5C640ABF/5C6BEF1F)
    (fp_text reference D3 (at 5.08 -2.41) (layer F.SilkS)
      (effects (font (size 1 1) (thickness 0.15)))
    )
    (fp_text value 1N5820G (at 5.08 2.41) (layer F.Fab)
      (effects (font (size 1 1) (thickness 0.15)))
    )
    (fp_line (start 11.35 -1.7) (end -1.15 -1.7) (layer F.CrtYd) (width 0.05))
    (fp_line (start 11.35 1.7) (end 11.35 -1.7) (layer F.CrtYd) (width 0.05))
    (fp_line (start -1.15 1.7) (end 11.35 1.7) (layer F.CrtYd) (width 0.05))
    (fp_line (start -1.15 -1.7) (end -1.15 1.7) (layer F.CrtYd) (width 0.05))
    (fp_line (start 3.26 -1.41) (end 3.26 1.41) (layer F.SilkS) (width 0.12))
    (fp_line (start 9.08 0) (end 7.74 0) (layer F.SilkS) (width 0.12))
    (fp_line (start 1.08 0) (end 2.42 0) (layer F.SilkS) (width 0.12))
    (fp_line (start 7.74 -1.41) (end 2.42 -1.41) (layer F.SilkS) (width 0.12))
    (fp_line (start 7.74 1.41) (end 7.74 -1.41) (layer F.SilkS) (width 0.12))
    (fp_line (start 2.42 1.41) (end 7.74 1.41) (layer F.SilkS) (width 0.12))
    (fp_line (start 2.42 -1.41) (end 2.42 1.41) (layer F.SilkS) (width 0.12))
    (fp_line (start 3.26 -1.35) (end 3.26 1.35) (layer F.Fab) (width 0.1))
    (fp_line (start 10.16 0) (end 7.68 0) (layer F.Fab) (width 0.1))
    (fp_line (start 0 0) (end 2.48 0) (layer F.Fab) (width 0.1))
    (fp_line (start 7.68 -1.35) (end 2.48 -1.35) (layer F.Fab) (width 0.1))
    (fp_line (start 7.68 1.35) (end 7.68 -1.35) (layer F.Fab) (width 0.1))
    (fp_line (start 2.48 1.35) (end 7.68 1.35) (layer F.Fab) (width 0.1))
    (fp_line (start 2.48 -1.35) (end 2.48 1.35) (layer F.Fab) (width 0.1))
    (fp_text user %R (at 5.08 0) (layer F.Fab)
      (effects (font (size 1 1) (thickness 0.15)))
    )
    (pad 2 thru_hole oval (at 10.16 0) (size 1.8 1.8) (drill 0.9) (layers *.Cu *.Mask)
      (net 5 /button_to_start_motor_relay))
    (pad 1 thru_hole rect (at 0 0) (size 1.8 1.8) (drill 0.9) (layers *.Cu *.Mask)
      (net 6 +12V))
    (model ${KISYS3DMOD}/Diodes_THT.3dshapes/D_A-405_P10.16mm_Horizontal.wrl
      (at (xyz 0 0 0))
      (scale (xyz 0.393701 0.393701 0.393701))
      (rotate (xyz 0 0 0))
    )
  )

  (module LEDs:LED_D3.0mm (layer F.Cu) (tedit 587A3A7B) (tstamp 5D50B742)
    (at 126.675001 131.555001)
    (descr "LED, diameter 3.0mm, 2 pins")
    (tags "LED diameter 3.0mm 2 pins")
    (path /5CA86402)
    (fp_text reference D4 (at 1.27 -2.96) (layer F.SilkS)
      (effects (font (size 1 1) (thickness 0.15)))
    )
    (fp_text value LED (at 1.27 2.96) (layer F.Fab)
      (effects (font (size 1 1) (thickness 0.15)))
    )
    (fp_line (start 3.7 -2.25) (end -1.15 -2.25) (layer F.CrtYd) (width 0.05))
    (fp_line (start 3.7 2.25) (end 3.7 -2.25) (layer F.CrtYd) (width 0.05))
    (fp_line (start -1.15 2.25) (end 3.7 2.25) (layer F.CrtYd) (width 0.05))
    (fp_line (start -1.15 -2.25) (end -1.15 2.25) (layer F.CrtYd) (width 0.05))
    (fp_line (start -0.29 1.08) (end -0.29 1.236) (layer F.SilkS) (width 0.12))
    (fp_line (start -0.29 -1.236) (end -0.29 -1.08) (layer F.SilkS) (width 0.12))
    (fp_line (start -0.23 -1.16619) (end -0.23 1.16619) (layer F.Fab) (width 0.1))
    (fp_circle (center 1.27 0) (end 2.77 0) (layer F.Fab) (width 0.1))
    (fp_arc (start 1.27 0) (end 0.229039 1.08) (angle -87.9) (layer F.SilkS) (width 0.12))
    (fp_arc (start 1.27 0) (end 0.229039 -1.08) (angle 87.9) (layer F.SilkS) (width 0.12))
    (fp_arc (start 1.27 0) (end -0.29 1.235516) (angle -108.8) (layer F.SilkS) (width 0.12))
    (fp_arc (start 1.27 0) (end -0.29 -1.235516) (angle 108.8) (layer F.SilkS) (width 0.12))
    (fp_arc (start 1.27 0) (end -0.23 -1.16619) (angle 284.3) (layer F.Fab) (width 0.1))
    (pad 2 thru_hole circle (at 2.54 0) (size 1.8 1.8) (drill 0.9) (layers *.Cu *.Mask)
      (net 7 "Net-(D4-Pad2)"))
    (pad 1 thru_hole rect (at 0 0) (size 1.8 1.8) (drill 0.9) (layers *.Cu *.Mask)
      (net 4 GNDS))
    (model ${KISYS3DMOD}/LEDs.3dshapes/LED_D3.0mm.wrl
      (at (xyz 0 0 0))
      (scale (xyz 0.393701 0.393701 0.393701))
      (rotate (xyz 0 0 0))
    )
  )

  (module LEDs:LED_D3.0mm (layer F.Cu) (tedit 587A3A7B) (tstamp 5D50B755)
    (at 132.575001 131.555001)
    (descr "LED, diameter 3.0mm, 2 pins")
    (tags "LED diameter 3.0mm 2 pins")
    (path /5D2941D1)
    (fp_text reference D5 (at 1.27 -2.96) (layer F.SilkS)
      (effects (font (size 1 1) (thickness 0.15)))
    )
    (fp_text value LED (at 1.27 2.96) (layer F.Fab)
      (effects (font (size 1 1) (thickness 0.15)))
    )
    (fp_arc (start 1.27 0) (end -0.23 -1.16619) (angle 284.3) (layer F.Fab) (width 0.1))
    (fp_arc (start 1.27 0) (end -0.29 -1.235516) (angle 108.8) (layer F.SilkS) (width 0.12))
    (fp_arc (start 1.27 0) (end -0.29 1.235516) (angle -108.8) (layer F.SilkS) (width 0.12))
    (fp_arc (start 1.27 0) (end 0.229039 -1.08) (angle 87.9) (layer F.SilkS) (width 0.12))
    (fp_arc (start 1.27 0) (end 0.229039 1.08) (angle -87.9) (layer F.SilkS) (width 0.12))
    (fp_circle (center 1.27 0) (end 2.77 0) (layer F.Fab) (width 0.1))
    (fp_line (start -0.23 -1.16619) (end -0.23 1.16619) (layer F.Fab) (width 0.1))
    (fp_line (start -0.29 -1.236) (end -0.29 -1.08) (layer F.SilkS) (width 0.12))
    (fp_line (start -0.29 1.08) (end -0.29 1.236) (layer F.SilkS) (width 0.12))
    (fp_line (start -1.15 -2.25) (end -1.15 2.25) (layer F.CrtYd) (width 0.05))
    (fp_line (start -1.15 2.25) (end 3.7 2.25) (layer F.CrtYd) (width 0.05))
    (fp_line (start 3.7 2.25) (end 3.7 -2.25) (layer F.CrtYd) (width 0.05))
    (fp_line (start 3.7 -2.25) (end -1.15 -2.25) (layer F.CrtYd) (width 0.05))
    (pad 1 thru_hole rect (at 0 0) (size 1.8 1.8) (drill 0.9) (layers *.Cu *.Mask)
      (net 4 GNDS))
    (pad 2 thru_hole circle (at 2.54 0) (size 1.8 1.8) (drill 0.9) (layers *.Cu *.Mask)
      (net 8 "Net-(D5-Pad2)"))
    (model ${KISYS3DMOD}/LEDs.3dshapes/LED_D3.0mm.wrl
      (at (xyz 0 0 0))
      (scale (xyz 0.393701 0.393701 0.393701))
      (rotate (xyz 0 0 0))
    )
  )

  (module LEDs:LED_D3.0mm (layer F.Cu) (tedit 587A3A7B) (tstamp 5D50B768)
    (at 100 110 180)
    (descr "LED, diameter 3.0mm, 2 pins")
    (tags "LED diameter 3.0mm 2 pins")
    (path /5C5705F6/5CA85B37)
    (fp_text reference D6 (at 1.27 -2.96) (layer F.SilkS)
      (effects (font (size 1 1) (thickness 0.15)))
    )
    (fp_text value LED (at 1.27 2.96) (layer F.Fab)
      (effects (font (size 1 1) (thickness 0.15)))
    )
    (fp_line (start 3.7 -2.25) (end -1.15 -2.25) (layer F.CrtYd) (width 0.05))
    (fp_line (start 3.7 2.25) (end 3.7 -2.25) (layer F.CrtYd) (width 0.05))
    (fp_line (start -1.15 2.25) (end 3.7 2.25) (layer F.CrtYd) (width 0.05))
    (fp_line (start -1.15 -2.25) (end -1.15 2.25) (layer F.CrtYd) (width 0.05))
    (fp_line (start -0.29 1.08) (end -0.29 1.236) (layer F.SilkS) (width 0.12))
    (fp_line (start -0.29 -1.236) (end -0.29 -1.08) (layer F.SilkS) (width 0.12))
    (fp_line (start -0.23 -1.16619) (end -0.23 1.16619) (layer F.Fab) (width 0.1))
    (fp_circle (center 1.27 0) (end 2.77 0) (layer F.Fab) (width 0.1))
    (fp_arc (start 1.27 0) (end 0.229039 1.08) (angle -87.9) (layer F.SilkS) (width 0.12))
    (fp_arc (start 1.27 0) (end 0.229039 -1.08) (angle 87.9) (layer F.SilkS) (width 0.12))
    (fp_arc (start 1.27 0) (end -0.29 1.235516) (angle -108.8) (layer F.SilkS) (width 0.12))
    (fp_arc (start 1.27 0) (end -0.29 -1.235516) (angle 108.8) (layer F.SilkS) (width 0.12))
    (fp_arc (start 1.27 0) (end -0.23 -1.16619) (angle 284.3) (layer F.Fab) (width 0.1))
    (pad 2 thru_hole circle (at 2.54 0 180) (size 1.8 1.8) (drill 0.9) (layers *.Cu *.Mask)
      (net 9 "Net-(D6-Pad2)"))
    (pad 1 thru_hole rect (at 0 0 180) (size 1.8 1.8) (drill 0.9) (layers *.Cu *.Mask)
      (net 1 GNDPWR))
    (model ${KISYS3DMOD}/LEDs.3dshapes/LED_D3.0mm.wrl
      (at (xyz 0 0 0))
      (scale (xyz 0.393701 0.393701 0.393701))
      (rotate (xyz 0 0 0))
    )
  )

  (module LEDs:LED_D3.0mm (layer F.Cu) (tedit 587A3A7B) (tstamp 5D50B77B)
    (at 160 105)
    (descr "LED, diameter 3.0mm, 2 pins")
    (tags "LED diameter 3.0mm 2 pins")
    (path /5C5705F6/5D20B1EF)
    (fp_text reference D7 (at 1.27 -2.96) (layer F.SilkS)
      (effects (font (size 1 1) (thickness 0.15)))
    )
    (fp_text value LED (at 1.27 2.96) (layer F.Fab)
      (effects (font (size 1 1) (thickness 0.15)))
    )
    (fp_line (start 3.7 -2.25) (end -1.15 -2.25) (layer F.CrtYd) (width 0.05))
    (fp_line (start 3.7 2.25) (end 3.7 -2.25) (layer F.CrtYd) (width 0.05))
    (fp_line (start -1.15 2.25) (end 3.7 2.25) (layer F.CrtYd) (width 0.05))
    (fp_line (start -1.15 -2.25) (end -1.15 2.25) (layer F.CrtYd) (width 0.05))
    (fp_line (start -0.29 1.08) (end -0.29 1.236) (layer F.SilkS) (width 0.12))
    (fp_line (start -0.29 -1.236) (end -0.29 -1.08) (layer F.SilkS) (width 0.12))
    (fp_line (start -0.23 -1.16619) (end -0.23 1.16619) (layer F.Fab) (width 0.1))
    (fp_circle (center 1.27 0) (end 2.77 0) (layer F.Fab) (width 0.1))
    (fp_arc (start 1.27 0) (end 0.229039 1.08) (angle -87.9) (layer F.SilkS) (width 0.12))
    (fp_arc (start 1.27 0) (end 0.229039 -1.08) (angle 87.9) (layer F.SilkS) (width 0.12))
    (fp_arc (start 1.27 0) (end -0.29 1.235516) (angle -108.8) (layer F.SilkS) (width 0.12))
    (fp_arc (start 1.27 0) (end -0.29 -1.235516) (angle 108.8) (layer F.SilkS) (width 0.12))
    (fp_arc (start 1.27 0) (end -0.23 -1.16619) (angle 284.3) (layer F.Fab) (width 0.1))
    (pad 2 thru_hole circle (at 2.54 0) (size 1.8 1.8) (drill 0.9) (layers *.Cu *.Mask)
      (net 10 "Net-(D7-Pad2)"))
    (pad 1 thru_hole rect (at 0 0) (size 1.8 1.8) (drill 0.9) (layers *.Cu *.Mask)
      (net 1 GNDPWR))
    (model ${KISYS3DMOD}/LEDs.3dshapes/LED_D3.0mm.wrl
      (at (xyz 0 0 0))
      (scale (xyz 0.393701 0.393701 0.393701))
      (rotate (xyz 0 0 0))
    )
  )

  (module LEDs:LED_D3.0mm (layer F.Cu) (tedit 587A3A7B) (tstamp 5D50B78E)
    (at 110 145 180)
    (descr "LED, diameter 3.0mm, 2 pins")
    (tags "LED diameter 3.0mm 2 pins")
    (path /5C5705F6/5CA85CDB)
    (fp_text reference D8 (at 1.27 -2.96) (layer F.SilkS)
      (effects (font (size 1 1) (thickness 0.15)))
    )
    (fp_text value LED (at 1.27 2.96) (layer F.Fab)
      (effects (font (size 1 1) (thickness 0.15)))
    )
    (fp_arc (start 1.27 0) (end -0.23 -1.16619) (angle 284.3) (layer F.Fab) (width 0.1))
    (fp_arc (start 1.27 0) (end -0.29 -1.235516) (angle 108.8) (layer F.SilkS) (width 0.12))
    (fp_arc (start 1.27 0) (end -0.29 1.235516) (angle -108.8) (layer F.SilkS) (width 0.12))
    (fp_arc (start 1.27 0) (end 0.229039 -1.08) (angle 87.9) (layer F.SilkS) (width 0.12))
    (fp_arc (start 1.27 0) (end 0.229039 1.08) (angle -87.9) (layer F.SilkS) (width 0.12))
    (fp_circle (center 1.27 0) (end 2.77 0) (layer F.Fab) (width 0.1))
    (fp_line (start -0.23 -1.16619) (end -0.23 1.16619) (layer F.Fab) (width 0.1))
    (fp_line (start -0.29 -1.236) (end -0.29 -1.08) (layer F.SilkS) (width 0.12))
    (fp_line (start -0.29 1.08) (end -0.29 1.236) (layer F.SilkS) (width 0.12))
    (fp_line (start -1.15 -2.25) (end -1.15 2.25) (layer F.CrtYd) (width 0.05))
    (fp_line (start -1.15 2.25) (end 3.7 2.25) (layer F.CrtYd) (width 0.05))
    (fp_line (start 3.7 2.25) (end 3.7 -2.25) (layer F.CrtYd) (width 0.05))
    (fp_line (start 3.7 -2.25) (end -1.15 -2.25) (layer F.CrtYd) (width 0.05))
    (pad 1 thru_hole rect (at 0 0 180) (size 1.8 1.8) (drill 0.9) (layers *.Cu *.Mask)
      (net 1 GNDPWR))
    (pad 2 thru_hole circle (at 2.54 0 180) (size 1.8 1.8) (drill 0.9) (layers *.Cu *.Mask)
      (net 11 "Net-(D8-Pad2)"))
    (model ${KISYS3DMOD}/LEDs.3dshapes/LED_D3.0mm.wrl
      (at (xyz 0 0 0))
      (scale (xyz 0.393701 0.393701 0.393701))
      (rotate (xyz 0 0 0))
    )
  )

  (module LEDs:LED_D3.0mm (layer F.Cu) (tedit 587A3A7B) (tstamp 5D50B7A1)
    (at 152.5 85 90)
    (descr "LED, diameter 3.0mm, 2 pins")
    (tags "LED diameter 3.0mm 2 pins")
    (path /5C5705F6/5CA85E2A)
    (fp_text reference D9 (at 1.27 -2.96 90) (layer F.SilkS)
      (effects (font (size 1 1) (thickness 0.15)))
    )
    (fp_text value LED (at 1.27 2.96 90) (layer F.Fab)
      (effects (font (size 1 1) (thickness 0.15)))
    )
    (fp_arc (start 1.27 0) (end -0.23 -1.16619) (angle 284.3) (layer F.Fab) (width 0.1))
    (fp_arc (start 1.27 0) (end -0.29 -1.235516) (angle 108.8) (layer F.SilkS) (width 0.12))
    (fp_arc (start 1.27 0) (end -0.29 1.235516) (angle -108.8) (layer F.SilkS) (width 0.12))
    (fp_arc (start 1.27 0) (end 0.229039 -1.08) (angle 87.9) (layer F.SilkS) (width 0.12))
    (fp_arc (start 1.27 0) (end 0.229039 1.08) (angle -87.9) (layer F.SilkS) (width 0.12))
    (fp_circle (center 1.27 0) (end 2.77 0) (layer F.Fab) (width 0.1))
    (fp_line (start -0.23 -1.16619) (end -0.23 1.16619) (layer F.Fab) (width 0.1))
    (fp_line (start -0.29 -1.236) (end -0.29 -1.08) (layer F.SilkS) (width 0.12))
    (fp_line (start -0.29 1.08) (end -0.29 1.236) (layer F.SilkS) (width 0.12))
    (fp_line (start -1.15 -2.25) (end -1.15 2.25) (layer F.CrtYd) (width 0.05))
    (fp_line (start -1.15 2.25) (end 3.7 2.25) (layer F.CrtYd) (width 0.05))
    (fp_line (start 3.7 2.25) (end 3.7 -2.25) (layer F.CrtYd) (width 0.05))
    (fp_line (start 3.7 -2.25) (end -1.15 -2.25) (layer F.CrtYd) (width 0.05))
    (pad 1 thru_hole rect (at 0 0 90) (size 1.8 1.8) (drill 0.9) (layers *.Cu *.Mask)
      (net 4 GNDS))
    (pad 2 thru_hole circle (at 2.54 0 90) (size 1.8 1.8) (drill 0.9) (layers *.Cu *.Mask)
      (net 12 "Net-(D9-Pad2)"))
    (model ${KISYS3DMOD}/LEDs.3dshapes/LED_D3.0mm.wrl
      (at (xyz 0 0 0))
      (scale (xyz 0.393701 0.393701 0.393701))
      (rotate (xyz 0 0 0))
    )
  )

  (module LEDs:LED_D3.0mm (layer F.Cu) (tedit 587A3A7B) (tstamp 5D50B7B4)
    (at 135 85 90)
    (descr "LED, diameter 3.0mm, 2 pins")
    (tags "LED diameter 3.0mm 2 pins")
    (path /5C5705F6/5CA85D82)
    (fp_text reference D10 (at 1.27 -2.96 90) (layer F.SilkS)
      (effects (font (size 1 1) (thickness 0.15)))
    )
    (fp_text value LED (at 1.27 2.96 90) (layer F.Fab)
      (effects (font (size 1 1) (thickness 0.15)))
    )
    (fp_line (start 3.7 -2.25) (end -1.15 -2.25) (layer F.CrtYd) (width 0.05))
    (fp_line (start 3.7 2.25) (end 3.7 -2.25) (layer F.CrtYd) (width 0.05))
    (fp_line (start -1.15 2.25) (end 3.7 2.25) (layer F.CrtYd) (width 0.05))
    (fp_line (start -1.15 -2.25) (end -1.15 2.25) (layer F.CrtYd) (width 0.05))
    (fp_line (start -0.29 1.08) (end -0.29 1.236) (layer F.SilkS) (width 0.12))
    (fp_line (start -0.29 -1.236) (end -0.29 -1.08) (layer F.SilkS) (width 0.12))
    (fp_line (start -0.23 -1.16619) (end -0.23 1.16619) (layer F.Fab) (width 0.1))
    (fp_circle (center 1.27 0) (end 2.77 0) (layer F.Fab) (width 0.1))
    (fp_arc (start 1.27 0) (end 0.229039 1.08) (angle -87.9) (layer F.SilkS) (width 0.12))
    (fp_arc (start 1.27 0) (end 0.229039 -1.08) (angle 87.9) (layer F.SilkS) (width 0.12))
    (fp_arc (start 1.27 0) (end -0.29 1.235516) (angle -108.8) (layer F.SilkS) (width 0.12))
    (fp_arc (start 1.27 0) (end -0.29 -1.235516) (angle 108.8) (layer F.SilkS) (width 0.12))
    (fp_arc (start 1.27 0) (end -0.23 -1.16619) (angle 284.3) (layer F.Fab) (width 0.1))
    (pad 2 thru_hole circle (at 2.54 0 90) (size 1.8 1.8) (drill 0.9) (layers *.Cu *.Mask)
      (net 13 "Net-(D10-Pad2)"))
    (pad 1 thru_hole rect (at 0 0 90) (size 1.8 1.8) (drill 0.9) (layers *.Cu *.Mask)
      (net 4 GNDS))
    (model ${KISYS3DMOD}/LEDs.3dshapes/LED_D3.0mm.wrl
      (at (xyz 0 0 0))
      (scale (xyz 0.393701 0.393701 0.393701))
      (rotate (xyz 0 0 0))
    )
  )

  (module ecu-board-footprints:AMASS_XT60PW (layer F.Cu) (tedit 5D49BA26) (tstamp 5D50B7CF)
    (at 60 115 90)
    (path /5C5705F6/5C5C3CF5)
    (fp_text reference J2 (at 0 0 90) (layer F.SilkS)
      (effects (font (size 1 1) (thickness 0.15)))
    )
    (fp_text value "Battery power conenctor" (at -3 -13 90) (layer F.Fab)
      (effects (font (size 1 1) (thickness 0.15)))
    )
    (fp_line (start -8.5 9.5) (end -8.5 -2.5) (layer F.SilkS) (width 0.15))
    (fp_line (start -8.5 -2.5) (end -7 -2.5) (layer F.SilkS) (width 0.05))
    (fp_line (start -8.5 9.5) (end 8.5 9.5) (layer F.SilkS) (width 0.15))
    (fp_line (start 8.5 9.5) (end 8.5 -2.5) (layer F.SilkS) (width 0.15))
    (fp_line (start 8.5 -2.5) (end 7 -2.5) (layer F.SilkS) (width 0.05))
    (fp_line (start -7 -2.5) (end -7 -10.2) (layer F.SilkS) (width 0.05))
    (fp_line (start -7 -10.2) (end 7 -10.2) (layer F.SilkS) (width 0.05))
    (fp_line (start 7 -10.2) (end 7 -2.5) (layer F.SilkS) (width 0.05))
    (fp_line (start -8.5 -11.2) (end 8.5 -11.2) (layer F.SilkS) (width 0.15))
    (fp_line (start 8.5 -11.2) (end 8.5 -2.5) (layer F.SilkS) (width 0.15))
    (fp_line (start -8.5 -2.5) (end -8.5 -11.2) (layer F.SilkS) (width 0.15))
    (fp_line (start -9 -12) (end 9 -12) (layer F.CrtYd) (width 0.12))
    (fp_line (start 9 -12) (end 9 10) (layer F.CrtYd) (width 0.12))
    (fp_line (start 9 10) (end -9 10) (layer F.CrtYd) (width 0.12))
    (fp_line (start -9 10) (end -9 -12) (layer F.CrtYd) (width 0.12))
    (fp_line (start -9 -3) (end -9 9) (layer B.CrtYd) (width 0.12))
    (fp_line (start -9 9) (end 9 9) (layer B.CrtYd) (width 0.12))
    (fp_line (start 9 9) (end 9 -3) (layer B.CrtYd) (width 0.12))
    (fp_line (start 9 -3) (end -9 -3) (layer B.CrtYd) (width 0.12))
    (fp_text user Battery (at 0 12 90) (layer F.SilkS)
      (effects (font (size 2 2) (thickness 0.15)))
    )
    (fp_text user + (at -7 12 90) (layer F.SilkS)
      (effects (font (size 2 2) (thickness 0.3)))
    )
    (fp_text user - (at 7 12 90) (layer F.SilkS)
      (effects (font (size 2 2) (thickness 0.3)))
    )
    (pad 1 thru_hole circle (at -3.6 6 90) (size 5 5) (drill 3) (layers *.Cu *.Mask)
      (net 14 "Net-(J2-Pad1)"))
    (pad 2 thru_hole circle (at 3.6 6 90) (size 5 5) (drill 3) (layers *.Cu *.Mask)
      (net 1 GNDPWR))
    (pad MP thru_hole oval (at -6.75 0 90) (size 3 4) (drill oval 1 2) (layers *.Cu *.Mask))
    (pad MP thru_hole oval (at 6.75 0 90) (size 3 4) (drill oval 1 2) (layers *.Cu *.Mask))
  )

  (module ecu-board-footprints:AMASS_XT60PW (layer F.Cu) (tedit 5D49BA26) (tstamp 5D50B7EA)
    (at 60 140 90)
    (path /5C5705F6/5C5E639D)
    (fp_text reference J4 (at 0 0 90) (layer F.SilkS)
      (effects (font (size 1 1) (thickness 0.15)))
    )
    (fp_text value "Motor connector" (at -3 -13 90) (layer F.Fab)
      (effects (font (size 1 1) (thickness 0.15)))
    )
    (fp_line (start 9 -3) (end -9 -3) (layer B.CrtYd) (width 0.12))
    (fp_line (start 9 9) (end 9 -3) (layer B.CrtYd) (width 0.12))
    (fp_line (start -9 9) (end 9 9) (layer B.CrtYd) (width 0.12))
    (fp_line (start -9 -3) (end -9 9) (layer B.CrtYd) (width 0.12))
    (fp_line (start -9 10) (end -9 -12) (layer F.CrtYd) (width 0.12))
    (fp_line (start 9 10) (end -9 10) (layer F.CrtYd) (width 0.12))
    (fp_line (start 9 -12) (end 9 10) (layer F.CrtYd) (width 0.12))
    (fp_line (start -9 -12) (end 9 -12) (layer F.CrtYd) (width 0.12))
    (fp_line (start -8.5 -2.5) (end -8.5 -11.2) (layer F.SilkS) (width 0.15))
    (fp_line (start 8.5 -11.2) (end 8.5 -2.5) (layer F.SilkS) (width 0.15))
    (fp_line (start -8.5 -11.2) (end 8.5 -11.2) (layer F.SilkS) (width 0.15))
    (fp_line (start 7 -10.2) (end 7 -2.5) (layer F.SilkS) (width 0.05))
    (fp_line (start -7 -10.2) (end 7 -10.2) (layer F.SilkS) (width 0.05))
    (fp_line (start -7 -2.5) (end -7 -10.2) (layer F.SilkS) (width 0.05))
    (fp_line (start 8.5 -2.5) (end 7 -2.5) (layer F.SilkS) (width 0.05))
    (fp_line (start 8.5 9.5) (end 8.5 -2.5) (layer F.SilkS) (width 0.15))
    (fp_line (start -8.5 9.5) (end 8.5 9.5) (layer F.SilkS) (width 0.15))
    (fp_line (start -8.5 -2.5) (end -7 -2.5) (layer F.SilkS) (width 0.05))
    (fp_line (start -8.5 9.5) (end -8.5 -2.5) (layer F.SilkS) (width 0.15))
    (fp_text user Motor (at 0 12 90) (layer F.SilkS)
      (effects (font (size 2 2) (thickness 0.15)))
    )
    (fp_text user + (at -7 12 90) (layer F.SilkS)
      (effects (font (size 2 2) (thickness 0.3)))
    )
    (fp_text user - (at 7 12 90) (layer F.SilkS)
      (effects (font (size 2 2) (thickness 0.3)))
    )
    (pad MP thru_hole oval (at 6.75 0 90) (size 3 4) (drill oval 1 2) (layers *.Cu *.Mask))
    (pad MP thru_hole oval (at -6.75 0 90) (size 3 4) (drill oval 1 2) (layers *.Cu *.Mask))
    (pad 2 thru_hole circle (at 3.6 6 90) (size 5 5) (drill 3) (layers *.Cu *.Mask)
      (net 1 GNDPWR))
    (pad 1 thru_hole circle (at -3.6 6 90) (size 5 5) (drill 3) (layers *.Cu *.Mask)
      (net 2 /relay_to_start_motor))
  )

  (module ecu-board-footprints:TE_5747844-4 (layer F.Cu) (tedit 5D49E16F) (tstamp 5D50B806)
    (at 190 130 270)
    (path /5C5705F6/5C576806)
    (fp_text reference J5 (at -14 5 90) (layer F.SilkS)
      (effects (font (size 1 1) (thickness 0.15)))
    )
    (fp_text value "Serial DB9 connector" (at -10 -8 90) (layer F.Fab)
      (effects (font (size 1 1) (thickness 0.15)))
    )
    (fp_line (start -16 4) (end -16 -7) (layer F.SilkS) (width 0.15))
    (fp_line (start -16 -7) (end 11 -7) (layer F.SilkS) (width 0.15))
    (fp_line (start 11 -7) (end 16 -7) (layer F.SilkS) (width 0.15))
    (fp_line (start 16 -7) (end 16 4) (layer F.SilkS) (width 0.15))
    (fp_line (start 16 4) (end -16 4) (layer F.SilkS) (width 0.15))
    (fp_line (start -16 -7) (end -16 4) (layer F.CrtYd) (width 0.12))
    (fp_line (start -16 4) (end 16 4) (layer F.CrtYd) (width 0.12))
    (fp_line (start 16 4) (end 16 -7) (layer F.CrtYd) (width 0.12))
    (fp_line (start 16 -7) (end -16 -7) (layer F.CrtYd) (width 0.12))
    (fp_line (start -16 -4) (end -16 4) (layer B.CrtYd) (width 0.12))
    (fp_line (start -16 4) (end 16 4) (layer B.CrtYd) (width 0.12))
    (fp_line (start 16 4) (end 16 -4) (layer B.CrtYd) (width 0.12))
    (fp_line (start 16 -4) (end -16 -4) (layer B.CrtYd) (width 0.12))
    (pad 1 thru_hole circle (at -5.48 1.42 270) (size 2 2) (drill 1.2) (layers *.Cu *.Mask)
      (net 15 "Net-(J5-Pad1)"))
    (pad 2 thru_hole circle (at -2.74 1.42 270) (size 2 2) (drill 1.2) (layers *.Cu *.Mask)
      (net 16 /serial_RX))
    (pad 3 thru_hole circle (at 0 1.42 270) (size 2 2) (drill 1.2) (layers *.Cu *.Mask)
      (net 17 /serial_TX))
    (pad 4 thru_hole circle (at 2.74 1.42 270) (size 2 2) (drill 1.2) (layers *.Cu *.Mask)
      (net 18 "Net-(J5-Pad4)"))
    (pad 5 thru_hole circle (at 5.48 1.42 270) (size 2 2) (drill 1.2) (layers *.Cu *.Mask)
      (net 4 GNDS))
    (pad 6 thru_hole circle (at -4.11 -1.42 270) (size 2 2) (drill 1.2) (layers *.Cu *.Mask)
      (net 19 "Net-(J5-Pad6)"))
    (pad 7 thru_hole circle (at -1.37 -1.42 270) (size 2 2) (drill 1.2) (layers *.Cu *.Mask)
      (net 20 "Net-(J5-Pad7)"))
    (pad 8 thru_hole circle (at 1.37 -1.42 270) (size 2 2) (drill 1.2) (layers *.Cu *.Mask)
      (net 21 "Net-(J5-Pad8)"))
    (pad 9 thru_hole circle (at 4.11 -1.42 270) (size 2 2) (drill 1.2) (layers *.Cu *.Mask)
      (net 22 "Net-(J5-Pad9)"))
    (pad SH thru_hole circle (at 12.495 0 270) (size 5 5) (drill 3.18) (layers *.Cu *.Mask))
    (pad SH thru_hole circle (at -12.495 0 270) (size 5 5) (drill 3.18) (layers *.Cu *.Mask))
  )

  (module ecu-board-footprints:Wurth_2141_05x3.5mm (layer F.Cu) (tedit 5D2AF80B) (tstamp 5D50CC39)
    (at 72.5 57.5)
    (path /5C5705F6/5CA4D167)
    (fp_text reference J6 (at 11.5 -2.75 90) (layer F.SilkS)
      (effects (font (size 1 1) (thickness 0.15)))
    )
    (fp_text value "Controller connector" (at 1.5 -5) (layer F.Fab)
      (effects (font (size 1 1) (thickness 0.15)))
    )
    (fp_line (start -7.45 -4) (end 10.5 -4) (layer F.SilkS) (width 0.15))
    (fp_line (start -7.45 4) (end 10.5 4) (layer F.SilkS) (width 0.15))
    (fp_line (start 10.5 -4) (end 10.5 4) (layer F.SilkS) (width 0.15))
    (fp_line (start -7.45 -4) (end -7.45 4) (layer F.SilkS) (width 0.15))
    (fp_poly (pts (xy -7.5 -4) (xy 10.5 -4) (xy 10.5 4) (xy -7.5 4)) (layer F.CrtYd) (width 0.1))
    (pad 1 thru_hole rect (at -5.25 0) (size 2 3) (drill 1.3) (layers *.Cu *.Mask)
      (net 6 +12V))
    (pad 2 thru_hole oval (at -1.75 0) (size 2 3) (drill 1.3) (layers *.Cu *.Mask)
      (net 23 /tachometer))
    (pad 3 thru_hole oval (at 1.75 0) (size 2 3) (drill 1.3) (layers *.Cu *.Mask)
      (net 24 /Connectors/deadmans))
    (pad 4 thru_hole oval (at 5.25 0) (size 2 3) (drill 1.3) (layers *.Cu *.Mask)
      (net 5 /button_to_start_motor_relay))
    (pad 5 thru_hole oval (at 8.75 0) (size 2 3) (drill 1.3) (layers *.Cu *.Mask)
      (net 4 GNDS))
    (model ${KIPRJMOD}/ecu-board-3d/wurth_2141_02x3.5mm.stp
      (offset (xyz 7 0.25 3))
      (scale (xyz 1 1 1))
      (rotate (xyz 0 0 0))
    )
    (model ${KIPRJMOD}/ecu-board-3d/wurth_2141_03x3.5mm.stp
      (offset (xyz -1.75 0.25 3))
      (scale (xyz 1 1 1))
      (rotate (xyz 0 0 0))
    )
  )

  (module ecu-board-footprints:Wurth_2141_02x3.5mm (layer F.Cu) (tedit 5D2AF877) (tstamp 5D50B81F)
    (at 192.5 107.5 270)
    (path /5C5705F6/5CE82F80)
    (fp_text reference J7 (at 4.5 -2.5) (layer F.SilkS)
      (effects (font (size 1 1) (thickness 0.15)))
    )
    (fp_text value "Backlight connector" (at 0.5 -5 90) (layer F.Fab)
      (effects (font (size 1 1) (thickness 0.15)))
    )
    (fp_line (start -3.95 -4) (end 3.5 -4) (layer F.SilkS) (width 0.15))
    (fp_line (start -3.95 4) (end 3.5 4) (layer F.SilkS) (width 0.15))
    (fp_line (start 3.5 -4) (end 3.5 4) (layer F.SilkS) (width 0.15))
    (fp_line (start -3.95 -4) (end -3.95 4) (layer F.SilkS) (width 0.15))
    (fp_poly (pts (xy -4 -4) (xy 3.5 -4) (xy 3.5 4) (xy -4 4)) (layer F.CrtYd) (width 0.1))
    (pad 1 thru_hole rect (at -1.75 0 270) (size 2 3) (drill 1.3) (layers *.Cu *.Mask)
      (net 25 "Net-(F6-Pad2)"))
    (pad 2 thru_hole oval (at 1.75 0 270) (size 2 3) (drill 1.3) (layers *.Cu *.Mask)
      (net 1 GNDPWR))
    (model ${KIPRJMOD}/ecu-board-3d/wurth_2141_02x3.5mm.stp
      (offset (xyz 0 0.25 3))
      (scale (xyz 1 1 1))
      (rotate (xyz 0 0 0))
    )
  )

  (module ecu-board-footprints:Wurth_2141_02x3.5mm (layer F.Cu) (tedit 5D2AF877) (tstamp 5D50B82A)
    (at 167.5 57.5)
    (path /5C5705F6/5C594AF2)
    (fp_text reference J8 (at 4.5 -2.5 90) (layer F.SilkS)
      (effects (font (size 1 1) (thickness 0.15)))
    )
    (fp_text value "IAT connector" (at 0.5 -5) (layer F.Fab)
      (effects (font (size 1 1) (thickness 0.15)))
    )
    (fp_poly (pts (xy -4 -4) (xy 3.5 -4) (xy 3.5 4) (xy -4 4)) (layer F.CrtYd) (width 0.1))
    (fp_line (start -3.95 -4) (end -3.95 4) (layer F.SilkS) (width 0.15))
    (fp_line (start 3.5 -4) (end 3.5 4) (layer F.SilkS) (width 0.15))
    (fp_line (start -3.95 4) (end 3.5 4) (layer F.SilkS) (width 0.15))
    (fp_line (start -3.95 -4) (end 3.5 -4) (layer F.SilkS) (width 0.15))
    (pad 2 thru_hole oval (at 1.75 0) (size 2 3) (drill 1.3) (layers *.Cu *.Mask)
      (net 4 GNDS))
    (pad 1 thru_hole rect (at -1.75 0) (size 2 3) (drill 1.3) (layers *.Cu *.Mask)
      (net 26 /iat_signal))
    (model ${KIPRJMOD}/ecu-board-3d/wurth_2141_02x3.5mm.stp
      (offset (xyz 0 0.25 3))
      (scale (xyz 1 1 1))
      (rotate (xyz 0 0 0))
    )
  )

  (module ecu-board-footprints:Wurth_2141_02x3.5mm (layer F.Cu) (tedit 5D2AF877) (tstamp 5D50B835)
    (at 180 57.5)
    (path /5C5705F6/5C594A0D)
    (fp_text reference J9 (at 4.5 -2.5 90) (layer F.SilkS)
      (effects (font (size 1 1) (thickness 0.15)))
    )
    (fp_text value "CLT connector" (at 0.5 -5) (layer F.Fab)
      (effects (font (size 1 1) (thickness 0.15)))
    )
    (fp_line (start -3.95 -4) (end 3.5 -4) (layer F.SilkS) (width 0.15))
    (fp_line (start -3.95 4) (end 3.5 4) (layer F.SilkS) (width 0.15))
    (fp_line (start 3.5 -4) (end 3.5 4) (layer F.SilkS) (width 0.15))
    (fp_line (start -3.95 -4) (end -3.95 4) (layer F.SilkS) (width 0.15))
    (fp_poly (pts (xy -4 -4) (xy 3.5 -4) (xy 3.5 4) (xy -4 4)) (layer F.CrtYd) (width 0.1))
    (pad 1 thru_hole rect (at -1.75 0) (size 2 3) (drill 1.3) (layers *.Cu *.Mask)
      (net 27 /clt_signal))
    (pad 2 thru_hole oval (at 1.75 0) (size 2 3) (drill 1.3) (layers *.Cu *.Mask)
      (net 4 GNDS))
    (model ${KIPRJMOD}/ecu-board-3d/wurth_2141_02x3.5mm.stp
      (offset (xyz 0 0.25 3))
      (scale (xyz 1 1 1))
      (rotate (xyz 0 0 0))
    )
  )

  (module ecu-board-footprints:Wurth_2141_02x3.5mm (layer F.Cu) (tedit 5D2AF877) (tstamp 5D50B840)
    (at 155 57.5)
    (path /5C5705F6/5C594BAE)
    (fp_text reference J10 (at 4.5 -2.5 90) (layer F.SilkS)
      (effects (font (size 1 1) (thickness 0.15)))
    )
    (fp_text value "Injector connector" (at 0.5 -5) (layer F.Fab)
      (effects (font (size 1 1) (thickness 0.15)))
    )
    (fp_poly (pts (xy -4 -4) (xy 3.5 -4) (xy 3.5 4) (xy -4 4)) (layer F.CrtYd) (width 0.1))
    (fp_line (start -3.95 -4) (end -3.95 4) (layer F.SilkS) (width 0.15))
    (fp_line (start 3.5 -4) (end 3.5 4) (layer F.SilkS) (width 0.15))
    (fp_line (start -3.95 4) (end 3.5 4) (layer F.SilkS) (width 0.15))
    (fp_line (start -3.95 -4) (end 3.5 -4) (layer F.SilkS) (width 0.15))
    (pad 2 thru_hole oval (at 1.75 0) (size 2 3) (drill 1.3) (layers *.Cu *.Mask)
      (net 28 /injector_1))
    (pad 1 thru_hole rect (at -1.75 0) (size 2 3) (drill 1.3) (layers *.Cu *.Mask)
      (net 29 "Net-(F4-Pad2)"))
    (model ${KIPRJMOD}/ecu-board-3d/wurth_2141_02x3.5mm.stp
      (offset (xyz 0 0.25 3))
      (scale (xyz 1 1 1))
      (rotate (xyz 0 0 0))
    )
  )

  (module ecu-board-footprints:Wurth_2141_04x3.5mm (layer F.Cu) (tedit 5D2AF861) (tstamp 5D50B860)
    (at 140 57.5)
    (path /5C5705F6/5C72F789)
    (fp_text reference J12 (at 8 -2.75 90) (layer F.SilkS)
      (effects (font (size 1 1) (thickness 0.15)))
    )
    (fp_text value "EGO connector" (at -0.25 -5) (layer F.Fab)
      (effects (font (size 1 1) (thickness 0.15)))
    )
    (fp_line (start -7.45 -4) (end 7 -4) (layer F.SilkS) (width 0.15))
    (fp_line (start -7.45 4) (end 7 4) (layer F.SilkS) (width 0.15))
    (fp_line (start 7 -4) (end 7 4) (layer F.SilkS) (width 0.15))
